$ANSIBLE_VAULT;1.1;AES256
63306639376464306631313134653766356265636234663833313838383633383461393462386131
3964323639316335633935616235306533366336616133610a636236653163656130643130613038
62383163306332396536643734333361653239633661343232306333613564646632633133633463
3839613862353761660a303536623532656239346134373364363930346562663065306335653338
65633130353830633633383336613238313065303435346461623737396430376231636264643632
30633861626539656162643933313163613330613232323266353964393865316130643966353339
66626237393061313136383732393165356362613161303531613335666239353434643237383934
61373833373533636663663337313163313466376565656262373039633737646337373337393039
61353831366662666663376333386235353031366334663839386461653737303833343866333336
61303764323262356236343137373533626462633831663433326130343031316366373566383737
33363739356365353065633666626165613566323231353262356436656130333436326139376534
31326135636164356463643238376163356132663865376366626361313436636464393635303130
31363037646437353766323031363362383763636466323733333433643966386165303737376133
36643535623036643832623765386235353838356335376333393231306161613039353637303031
36303135373134363662663230323066613965396335333463333332353933646431636463326236
38353965653239343562613133376432323037396335363466633938663637626533316133666337
62383063313337333462396166613065376637623666323566373065393239633835666638303638
65643438353338666166623964363931646235626430663536366434353236363436313634316566
31396365366262663931376464626436666464353163323338366233623063323732313238333464
34643639636134313661386265356263323636373039633531333638363761333965366139613139
62363930363438653834333834623332353133333765393735366466646434343638346237343232
37643739643866356633333164646665343935303936616438663263613162326230326562363933
65623433376262313136353265653330303134333461323534356366343537636338623262326561
61663965383264346162383639323835333731633465363063393634323230336532363763373230
63666330643561633565373764663131626638313839333436663135343362636632
